2551175.3114649523 6671566.634835593
2550678.95038 6671626.84836
2550955.76655 6671748.94668
2551481.42702 6671124.96346
2551618.77356 6671352.91578
2551881.71879 6671752.10028
2552159.14314 6671758.66091
2552411.2158 6671838.25718
2552905.38924 6671914.36636
2553237.89362 6671761.56958
2551465.77216 6671922.4976
2551874.26692 6672054.37555
2550692.1361 6672000.93452
2551189.78115 6672020.54902
2552129.89835 6672026.35035
2552568.92219 6672052.84644
2553104.28412 6672154.27972
2553475.33178 6671896.3005
2553636.56898 6672147.20809
2553388.97563 6672231.98755
2553807.32257 6672657.76126
2553923.57036 6672935.09894
2552727.46179 6672281.32888
2553347.34022 6672495.86812
2553078.0671 6672532.862
2552787.72617 6672530.04031
2552484.86018 6672370.44456
2550834.01163 6672229.25693
2551159.15887 6672286.41004
2551440.41729 6672200.27225
2551382.69657 6672509.32121
2551867.5205 6672387.06839
2552222.5654 6672317.37715
2550968.42958 6672463.9708
2552052.25371 6672642.65181
2551675.59637 6672560.72301
2552387.34989 6672630.48902
2550575.27444 6672489.3919
2550317.99487 6672508.10093
2551192.02477 6672689.69978
2553117.94536 6672841.2774
2552714.93074 6672774.34204
2553659.61277 6672915.38592
2554199.89684 6673020.00843
2553690.94167 6673181.57551
2554427.14682 6673177.1645
2553350.22756 6673302.15319
2553941.05113 6673227.276
2552825.81126 6673189.89589
2552348.75554 6673040.16998
2551871.69983 6672890.44408
2550691.53389 6672743.71501
2550420.92434 6672772.64165
2550953.16794 6672765.38998
2551518.43444 6672784.57439
2552061.53444 6673087.61394
2551327.47417 6672946.53156
2551804.23964 6673136.30512
2552478.68051 6673256.06261
2551502.2901 6673211.67242
2553055.6696 6673293.86128
2552227.25113 6673298.41233
2551837.36153 6673395.31457
2552696.47617 6673408.20184
2551055.06622 6673137.35536
2551193.09747 6673547.36947
2550919.04786 6673708.45645
2550420.43824 6673745.71832
2550683.18637 6673582.02115
2551602.58797 6673488.70601
2552372.4872 6673515.05208
2551944.93549 6673645.44198
2553105.26582 6673629.88841
2552757.32511 6673680.65006
2552503.12389 6673733.62222
2552205.03513 6673700.73467
2551463.78126 6673709.03658
2554229.47968 6673415.9393
2553616.09363 6673442.71545
2553386.53377 6673649.4629
2552938.22095 6673883.42661
2553526.99038 6673921.87543
2553263.72292 6673904.27139
2551219.03401 6673822.68266
2550680.66374 6673851.75089
2551731.78396 6673845.0578
2551015.42719 6674107.26798
2550664.48366 6674113.32938
2551981.96766 6673998.423
2551482.06388 6673988.61433
2552497.63795 6674020.52808
2552457.96592 6674315.86586
2552211.7255 6674130.56333
2550526.61594 6673206.625
2551765.68956 6674150.39788
2551358.9049 6674237.5979
2550888.22759 6674330.74928
2551596.72257 6674356.94978
2552714.45169 6674362.60868
2553437.31792 6674178.62436
2553070.44452 6674102.01678
